,,objID,ra,dec,labels,files
PCC,0,1237661059574204597,49.5885192498044,41.6896347861921,0,1237661059574204597-label=0.png
PCC,1,1237661055281857482,50.0039643129297,41.3409569288291,0,1237661055281857482-label=0.png
PCC,2,1237661055818662907,50.0018078839059,41.6805607240479,0,1237661055818662907-label=0.png
PCC,3,1237661122387969064,49.6743269906127,41.3286767228176,0,1237661122387969064-label=0.png
PCC,4,1237661083199145950,49.4266341875266,41.3158960664945,0,1237661083199145950-label=0.png
PCC,5,1237661055281595548,49.3302491922701,41.5381214191965,0,1237661055281595548-label=0.png
PCC,6,1237661122388034726,49.8286218118196,41.2883185540249,0,1237661122388034726-label=0.png
PCC,7,1237661055281661796,49.3924933680465,41.5646964166663,0,1237661055281661796-label=0.png
PCC,8,1237661083199144672,49.4783603408726,41.2846440250849,0,1237661083199144672-label=0.png
PCC,9,1237661055281726833,49.5391469119783,41.4577011981716,0,1237661055281726833-label=0.png
PCC,10,1237661055281726540,49.7003609919262,41.5287810840031,0,1237661055281726540-label=0.png
PCC,11,1237661059574269103,49.752115287248,41.6660343064579,0,1237661059574269103-label=0.png
PCC,12,1237661059574268297,49.7463378360688,41.6377218212072,0,1237661059574268297-label=0.png
PCC,13,1237661059574268421,49.7314180240477,41.5563730802358,0,1237661059574268421-label=0.png
PCC,14,1237661055281660355,49.5062354685874,41.5123497888246,0,1237661055281660355-label=0.png
PCC,15,1237661055281660352,49.5318682312067,41.5225648610984,0,1237661055281660352-label=0.png
PCC,16,1237661122387903799,49.513168881278,41.3783097798439,0,1237661122387903799-label=0.png
PCC,17,1237661055281661072,49.4476929976336,41.5750018634696,0,1237661055281661072-label=0.png
PCC,18,1237661083199079481,49.2564832058175,41.4395892035052,0,1237661083199079481-label=0.png
PCC,19,1237661083199079073,49.3507230050711,41.3928173973905,0,1237661083199079073-label=0.png
PCC,20,1237661055281660277,49.514269872666,41.6052745039883,0,1237661055281660277-label=0.png
PCC,21,1237661055281596074,49.387826987431,41.5814710521614,0,1237661055281596074-label=0.png
PCC,22,1237661059574204815,49.7117955318649,41.7236199072246,0,1237661059574204815-label=0.png
PCC,23,1237661122388034281,49.7624524404048,41.3079791063088,0,1237661122388034281-label=0.png
PCC,24,1237670458048446775,49.8839020898115,41.7174905840822,0,1237670458048446775-label=0.png
PCC,25,1237661055281726232,49.7006243737533,41.4397674682699,0,1237661055281726232-label=0.png
PCC,26,1237661055281660877,49.6027522080411,41.5367374698063,0,1237661055281660877-label=0.png
PCC,27,1237661083199079451,49.2465325839753,41.4451174180218,0,1237661083199079451-label=0.png
PCC,28,1237661059574204230,49.6212172149512,41.7372889879785,0,1237661059574204230-label=0.png
PCC,29,1237661083199144013,49.4070053187422,41.3728592862594,0,1237661083199144013-label=0.png
PCC,30,1237661055281661671,49.3329082112614,41.49986624604,0,1237661055281661671-label=0.png
PCC,31,1237661055281595776,49.2744136639967,41.5706272026805,0,1237661055281595776-label=0.png
PCC,32,1237661055281660365,49.4897901476032,41.5315657902475,0,1237661055281660365-label=0.png
PCC,33,1237661055281661427,49.4525396601503,41.5851221091196,0,1237661055281661427-label=0.png
PCC,34,1237661055281726855,49.5330389991413,41.4152367267331,0,1237661055281726855-label=0.png
PCC,35,1237661055281726387,49.575514197229,41.4865655944704,0,1237661055281726387-label=0.png
PCC,36,1237661055818663589,50.0050437417868,41.65570964065,0,1237661055818663589-label=0.png
PCC,37,1237661083199276529,49.7563991447117,41.2183479870148,0,1237661083199276529-label=0.png
PCC,38,1237661083199210085,49.6282984725789,41.2297381161989,0,1237661083199210085-label=0.png
PCC,39,1237661055281660113,49.3541037979072,41.4703146193494,0,1237661055281660113-label=0.png
PCC,40,1237661122387838323,49.308189916606,41.4699178540274,0,1237661122387838323-label=0.png
PCC,41,1237661083199144027,49.3880968070861,41.3948394450498,0,1237661083199144027-label=0.png
PCC,42,1237661083199210106,49.6683660022768,41.2580136966808,0,1237661083199210106-label=0.png
PCC,43,1237661059574202930,49.5907237806464,41.6753043131353,0,1237661059574202930-label=0.png
PCC,44,1237661055281727022,49.5876855617244,41.3917032223751,0,1237661055281727022-label=0.png
PCC,45,1237661055281661473,49.4507796093674,41.5244185292264,0,1237661055281661473-label=0.png
PCC,46,1237661055281726881,49.6184376585242,41.4545545050076,0,1237661055281726881-label=0.png
PCC,47,1237661083199145340,49.3497052587801,41.2961627522599,0,1237661083199145340-label=0.png
PCC,48,1237661059574400501,49.9814135604516,41.4201589478199,0,1237661059574400501-label=0.png
PCC,49,1237661055281662248,49.5539323075861,41.5020127253609,0,1237661055281662248-label=0.png
PCC,50,1237661055281660368,49.5093532320236,41.5134711427494,0,1237661055281660368-label=0.png
PCC,51,1237661083199210520,49.6309849597321,41.2656828080529,0,1237661083199210520-label=0.png
PCC,52,1237661083199146009,49.4709540722295,41.3465338327935,0,1237661083199146009-label=0.png
PCC,53,1237661083199079629,49.2475173645298,41.325886015873,0,1237661083199079629-label=0.png
PCC,54,1237661059574202849,49.6229716532135,41.7692838426921,0,1237661059574202849-label=0.png
PCC,55,1237670458048447673,49.9365754763841,41.7690446693286,0,1237670458048447673-label=0.png
PCC,56,1237661055281726898,49.5669356580203,41.3687948947348,0,1237661055281726898-label=0.png
PCC,57,1237661055281661666,49.485371436118,41.4154121469832,0,1237661055281661666-label=0.png
PCC,58,1237661055281661084,49.4977702126779,41.6188440534774,0,1237661055281661084-label=0.png
PCC,59,1237661055281856551,49.8831911264325,41.3042338061537,0,1237661055281856551-label=0.png
PCC,60,1237661055281857614,49.9841499439415,41.2138467696075,0,1237661055281857614-label=0.png
PCC,61,1237661083199146017,49.4510177499872,41.3201161214212,0,1237661083199146017-label=0.png
PCC,62,1237661059574268000,49.7174831497593,41.6787758237841,0,1237661059574268000-label=0.png
PCC,63,1237661059574268417,49.7208706905827,41.5487594778721,0,1237661059574268417-label=0.png
PCC,64,1237661055281857745,49.8545744718202,41.2311616626046,0,1237661055281857745-label=0.png
PCC,65,1237661055281661552,49.5411265641304,41.5389351099106,0,1237661055281661552-label=0.png
PCC,66,1237661055281726987,49.5078178295889,41.4148891866892,0,1237661055281726987-label=0.png
PCC,67,1237661055281662211,49.4815217405749,41.4340326355382,0,1237661055281662211-label=0.png
PCC,68,1237661055281726871,49.5511297109454,41.4042423566477,0,1237661055281726871-label=0.png
PCC,69,1237661055281857731,49.9436540725814,41.3785138119629,0,1237661055281857731-label=0.png
PCC,70,1237661055281660697,49.5475110283826,41.5225041803076,0,1237661055281660697-label=0.png
PCC,71,1237661083199275906,49.6875624830232,41.2260099896836,0,1237661083199275906-label=0.png
PCC,72,1237661055281595474,49.2668733078476,41.5263648618635,0,1237661055281595474-label=0.png
PCC,73,1237661055281661403,49.376592902679,41.5364468490637,0,1237661055281661403-label=0.png
PCC,74,1237661055281727219,49.5081497348617,41.4068642573042,0,1237661055281727219-label=0.png
PCC,75,1237661055281858011,49.9563931434652,41.3138262763393,0,1237661055281858011-label=0.png
PCC,76,1237661122387968977,49.7704513530806,41.3614608748543,0,1237661122387968977-label=0.png
PCC,77,1237661055281595489,49.3431338946377,41.5986877386009,0,1237661055281595489-label=0.png
PCC,78,1237661083199145265,49.5268439342167,41.3295268911503,0,1237661083199145265-label=0.png
PCC,79,1237661122387969061,49.6744409144411,41.3394635152311,0,1237661122387969061-label=0.png
PCC,80,1237661059574400487,49.9833659082789,41.4552606660974,0,1237661059574400487-label=0.png
PCC,81,1237661122387969192,49.5810512115398,41.3339013720838,0,1237661122387969192-label=0.png
PCC,82,1237661059574268788,49.8625282439962,41.6234219834059,0,1237661059574268788-label=0.png
PCC,83,1237661059574269662,49.7874764395205,41.5292286819327,0,1237661059574269662-label=0.png
PCC,84,1237661055281858002,49.9984859667094,41.3856061598763,0,1237661055281858002-label=0.png
PCC,85,1237661055281725901,49.6469147464602,41.450467645262,0,1237661055281725901-label=0.png
PCC,86,1237661083199080163,49.2420270776599,41.445334295808,0,1237661083199080163-label=0.png
PCC,87,1237661083199145373,49.4486850129999,41.3383619635481,0,1237661083199145373-label=0.png
PCC,88,1237661055281857000,49.9154113328278,41.2301728876799,0,1237661055281857000-label=0.png
PCC,89,1237661055281725606,49.5705009821743,41.459046242828,0,1237661055281725606-label=0.png
PCC,90,1237661083199144313,49.3854255220079,41.3037840839373,0,1237661083199144313-label=0.png
PCC,91,1237661055281596077,49.3892567509159,41.5720951555635,0,1237661055281596077-label=0.png
PCC,92,1237661055281726882,49.6163873223784,41.455144945753,0,1237661055281726882-label=0.png
PCC,93,1237661083199145514,49.3600256336362,41.3233520267618,0,1237661083199145514-label=0.png
PCC,94,1237661055281857785,49.9849660812263,41.3318583190389,0,1237661055281857785-label=0.png
PCC,95,1237661083199210860,49.6115739039062,41.1970212377981,0,1237661083199210860-label=0.png
PCC,96,1237661083199144825,49.359348013872,41.3355162432555,0,1237661083199144825-label=0.png
PCC,97,1237661122387903465,49.5006249474087,41.379321938645,0,1237661122387903465-label=0.png
PCC,98,1237661083199210862,49.6822104524686,41.2677772173562,0,1237661083199210862-label=0.png
PCC,99,1237661055281857479,50.0027325337613,41.3383687088605,0,1237661055281857479-label=0.png
PCC,100,1237661122387837441,49.3464033206927,41.4657424923315,0,1237661122387837441-label=0.png
PCC,101,1237661055281727082,49.5246271241854,41.4305177152363,0,1237661055281727082-label=0.png
PCC,102,1237661059574268296,49.7345627927002,41.6346210834124,0,1237661059574268296-label=0.png
PCC,103,1237661055281660354,49.5235184197161,41.5182228769557,0,1237661055281660354-label=0.png
PCC,104,1237661083199144392,49.4157859263336,41.3218658826185,0,1237661083199144392-label=0.png
PCC,105,1237661122387838143,49.241064353829,41.4990864301001,0,1237661122387838143-label=0.png
PCC,106,1237661055281594918,49.2757658853289,41.541452386982,0,1237661055281594918-label=0.png
PCC,107,1237661055281660810,49.5591119542989,41.50269492049,0,1237661055281660810-label=0.png
PCC,108,1237661122387968404,49.6768962382152,41.3202550249105,0,1237661122387968404-label=0.png
PCC,109,1237661122388034416,49.8576687707759,41.3264543245452,0,1237661122388034416-label=0.png
PCC,110,1237661083199079144,49.2512998665366,41.3224446892217,1,1237661083199079144-label=1.png
PCC,111,1237661083199080461,49.283487410044,41.3140801197071,1,1237661083199080461-label=1.png
PCC,112,1237661083199079544,49.2873677777939,41.4251866808067,1,1237661083199079544-label=1.png
PCC,113,1237661083199079044,49.3008178765353,41.3811309686393,1,1237661083199079044-label=1.png
PCC,114,1237661083199079244,49.3047948951003,41.3333461324292,1,1237661083199079244-label=1.png
PCC,115,1237661083199144143,49.3059792623185,41.2975007847977,1,1237661083199144143-label=1.png
PCC,116,1237661083199078963,49.3067191820093,41.4355052201931,1,1237661083199078963-label=1.png
PCC,117,1237661083199079603,49.3236841359998,41.4214466740835,1,1237661083199079603-label=1.png
PCC,118,1237661055281659921,49.3255866473826,41.4929009463042,1,1237661055281659921-label=1.png
PCC,119,1237661122387837434,49.3476367817636,41.4700217158527,1,1237661122387837434-label=1.png
PCC,120,1237661083199145715,49.3662785364664,41.3534693634682,1,1237661083199145715-label=1.png
PCC,121,1237661083199144302,49.3869972146589,41.296989045752,1,1237661083199144302-label=1.png
PCC,122,1237661055281661843,49.4148546953668,41.561150981206,1,1237661055281661843-label=1.png
PCC,123,1237661083199144423,49.4273106345572,41.3231237681011,1,1237661083199144423-label=1.png
PCC,124,1237661055281661782,49.4284218432391,41.5998779610828,1,1237661055281661782-label=1.png
PCC,125,1237661083199145830,49.4316981732861,41.3631918525889,1,1237661083199145830-label=1.png
PCC,126,1237661122387903824,49.4517635999405,41.4083189109755,1,1237661122387903824-label=1.png
PCC,127,1237661055281662019,49.4615210525463,41.5220093296147,1,1237661055281662019-label=1.png
PCC,128,1237661083199144680,49.5028172944523,41.2990947963276,1,1237661083199144680-label=1.png
PCC,129,1237661055281661504,49.50778075705,41.5577737369803,1,1237661055281661504-label=1.png
PCC,130,1237661055281660366,49.5125725288046,41.5127651899085,1,1237661055281660366-label=1.png
PCC,131,1237661083199144664,49.5154139273366,41.3230599188577,1,1237661083199144664-label=1.png
PCC,132,1237661122387903518,49.5183697511162,41.3697430176767,1,1237661122387903518-label=1.png
PCC,133,1237661055281726374,49.5231929662629,41.4354812532149,1,1237661055281726374-label=1.png
PCC,134,1237661055281661215,49.5244020175459,41.5813582968019,1,1237661055281661215-label=1.png
PCC,135,1237661055281661267,49.5306570322222,41.5538974510229,1,1237661055281661267-label=1.png
PCC,136,1237661055281660431,49.5486037358835,41.6168429144839,1,1237661055281660431-label=1.png
PCC,137,1237661055281726863,49.5501794590082,41.4233420002467,1,1237661055281726863-label=1.png
PCC,138,1237661055281725545,49.5570253856624,41.4615890520314,1,1237661055281725545-label=1.png
PCC,139,1237661083199209709,49.5667122525265,41.2775209694268,1,1237661083199209709-label=1.png
PCC,140,1237661055281660539,49.5678204673379,41.5799326405555,1,1237661055281660539-label=1.png
PCC,141,1237661055281725477,49.5741266370053,41.503106046199,1,1237661055281725477-label=1.png
PCC,142,1237661059574204563,49.5790523097195,41.6935962781932,1,1237661059574204563-label=1.png
PCC,143,1237661083199211225,49.5820192387744,41.2942754398326,1,1237661083199211225-label=1.png
PCC,144,1237661083199209781,49.5957549984616,41.2688988395178,1,1237661083199209781-label=1.png
PCC,145,1237661059574203163,49.5991356561728,41.6442292448913,1,1237661059574203163-label=1.png
PCC,146,1237661055281727193,49.6047846556372,41.5211782817442,1,1237661055281727193-label=1.png
PCC,147,1237661055281662281,49.6077697651511,41.5452771087227,1,1237661055281662281-label=1.png
PCC,148,1237661122387968730,49.6152258885157,41.3213174238366,1,1237661122387968730-label=1.png
PCC,149,1237661059574203026,49.6168532946292,41.7091116790088,1,1237661059574203026-label=1.png
PCC,150,1237661083199209883,49.6180139196267,41.2859445845986,1,1237661083199209883-label=1.png
PCC,151,1237661122387968365,49.6241449104646,41.3026729212866,1,1237661122387968365-label=1.png
PCC,152,1237661122387969275,49.6382972499663,41.2976970974567,1,1237661122387969275-label=1.png
PCC,153,1237661059574204583,49.639573521801,41.7521735266186,1,1237661059574204583-label=1.png
PCC,154,1237661055281726517,49.6429953996031,41.4925854850353,1,1237661055281726517-label=1.png
PCC,155,1237661055281726151,49.6672674086103,41.4173276759573,1,1237661055281726151-label=1.png
PCC,156,1237661122387969336,49.6693128398208,41.2867238751049,1,1237661122387969336-label=1.png
PCC,157,1237661059574268125,49.6693806363888,41.6242963115361,1,1237661059574268125-label=1.png
PCC,158,1237661059574269925,49.6869535877601,41.6338296886737,1,1237661059574269925-label=1.png
PCC,159,1237661055281726935,49.6925197754117,41.4049068024513,1,1237661055281726935-label=1.png
PCC,160,1237661059574268241,49.6928779643566,41.602876029848,1,1237661059574268241-label=1.png
PCC,161,1237661059574203755,49.6991149984011,41.74790585261,1,1237661059574203755-label=1.png
PCC,162,1237661055281726564,49.7076635211732,41.5066372950096,1,1237661055281726564-label=1.png
PCC,163,1237661059574268182,49.7120406913765,41.6398115805485,1,1237661059574268182-label=1.png
PCC,164,1237661122388034216,49.7177473516028,41.2675578337069,1,1237661122388034216-label=1.png
PCC,165,1237661122387969384,49.7227292680284,41.309428215373,1,1237661122387969384-label=1.png
PCC,166,1237661083199276043,49.7268696113057,41.2224565446657,1,1237661083199276043-label=1.png
PCC,167,1237661059574270104,49.7333349873982,41.5787470740448,1,1237661059574270104-label=1.png
PCC,168,1237661059574269490,49.7334389760379,41.6862022451275,1,1237661059574269490-label=1.png
PCC,169,1237661122388034911,49.7350072068284,41.2599008235858,1,1237661122388034911-label=1.png
PCC,170,1237661122387969351,49.7398409832031,41.3590181249971,1,1237661122387969351-label=1.png
PCC,171,1237661122387968377,49.7403642050255,41.416037501189,1,1237661122387968377-label=1.png
PCC,172,1237661059574268293,49.7414833647509,41.6350645496723,1,1237661059574268293-label=1.png
PCC,173,1237661122388034195,49.745417106714,41.3208726695328,1,1237661122388034195-label=1.png
PCC,174,1237661055281727532,49.7483205319838,41.4445199643402,1,1237661055281727532-label=1.png
PCC,175,1237661055281727478,49.7514991718268,41.4839673670302,1,1237661055281727478-label=1.png
PCC,176,1237661055281726690,49.7624332130551,41.5042953396475,1,1237661055281726690-label=1.png
PCC,177,1237661122388034714,49.7816617473742,41.2523432383874,1,1237661122388034714-label=1.png
PCC,178,1237661059574268657,49.7852126845403,41.5811111841682,1,1237661059574268657-label=1.png
PCC,179,1237661059574269762,49.7894371571723,41.7046819943938,1,1237661059574269762-label=1.png
PCC,180,1237661059574270044,49.7925606412325,41.6781333747249,1,1237661059574270044-label=1.png
PCC,181,1237661055281727536,49.7934713179067,41.4935928932685,1,1237661055281727536-label=1.png
PCC,182,1237661055818531720,49.7994161668261,41.7588113686016,1,1237661055818531720-label=1.png
PCC,183,1237661059574268367,49.8124252837371,41.6777860645768,1,1237661059574268367-label=1.png
PCC,184,1237661122388033900,49.8126462271335,41.2312987275339,1,1237661122388033900-label=1.png
PCC,185,1237670458048448193,49.8177954835046,41.7537212268755,1,1237670458048448193-label=1.png
PCC,186,1237661059574268461,49.849493642492,41.692411543124,1,1237661059574268461-label=1.png
PCC,187,1237661055281858136,49.8584298014414,41.2620858904832,1,1237661055281858136-label=1.png
PCC,188,1237661059574268881,49.8626610167712,41.608148461664,1,1237661059574268881-label=1.png
PCC,189,1237670458048448215,49.8714770199501,41.7360984777434,1,1237670458048448215-label=1.png
PCC,190,1237661059574333973,49.8969485311762,41.6178802992268,1,1237661059574333973-label=1.png
PCC,191,1237661055281856671,49.9145238700455,41.2778749314693,1,1237661055281856671-label=1.png
PCC,192,1237661055281856613,49.9174877741773,41.3291991253375,1,1237661055281856613-label=1.png
PCC,193,1237670960021505627,49.9316990153032,41.7131333405431,1,1237670960021505627-label=1.png
PCC,194,1237661059574334072,49.9325721909726,41.4569819791321,1,1237661059574334072-label=1.png
PCC,195,1237661059574334104,49.935962259091,41.4464621363995,1,1237661059574334104-label=1.png
PCC,196,1237661055281857728,49.9451606025947,41.3785746207589,1,1237661055281857728-label=1.png
PCC,197,1237661055281856736,49.9573308279089,41.3297827329895,1,1237661055281856736-label=1.png
PCC,198,1237661059574334539,49.9573112317994,41.6690357516685,1,1237661059574334539-label=1.png
PCC,199,1237661055281857996,49.9655399448773,41.3922586115639,1,1237661055281857996-label=1.png
PCC,200,1237661055281857832,49.9670041779905,41.2598346269331,1,1237661055281857832-label=1.png
PCC,201,1237661059574333698,49.9671867685324,41.6480901991767,1,1237661059574333698-label=1.png
PCC,202,1237661059574334013,49.9705060262728,41.6087855128691,1,1237661059574334013-label=1.png
PCC,203,1237670960021504409,49.994725223964,41.7500341325467,1,1237670960021504409-label=1.png
PCC,204,1237661055281857031,49.9961996574676,41.3093625445113,1,1237661055281857031-label=1.png
PCC,205,1237670458048446875,49.8825134786365,41.7445322615188,1,1237670458048446875-label=1.png
PCC,206,1237661055281857496,49.938645620845,41.2544449556091,1,1237661055281857496-label=1.png
SpecBg,2,1237661059574334114,50.0299197642029,41.552969242595,1,1237661059574334114-label=1.png
SpecBg,3,1237661059574399247,49.9883305149312,41.4458746990913,1,1237661059574399247-label=1.png
SpecBg,9,1237661059574269422,49.822002444993,41.5762271268554,1,1237661059574269422-label=1.png
SpecBg,13,1237661122388033863,49.9367551285574,41.3986865815753,1,1237661122388033863-label=1.png
SpecBg,14,1237661059574268835,49.7836819044895,41.5217218861315,1,1237661059574268835-label=1.png
SpecBg,25,1237661055281725886,49.7712214276737,41.4702044779128,1,1237661055281725886-label=1.png
SpecBg,26,1237661059574399641,50.0308283659175,41.3882932987744,1,1237661059574399641-label=1.png
SpecBg,42,1237661055281857482,50.0039643129297,41.3409569288291,1,1237661055281857482-label=1.png
SpecBg,43,1237661059574400342,50.193912182851,41.5120604175913,1,1237661059574400342-label=1.png
SpecBg,48,1237661055818727765,50.1886404627776,41.5706873310953,1,1237661055818727765-label=1.png
SpecBg,57,1237661055818662544,50.1240046283114,41.6598757568739,1,1237661055818662544-label=1.png
SpecBg,63,1237661059574269120,49.6732849511774,41.5693368326331,1,1237661059574269120-label=1.png
SpecBg,65,1237661055281856551,49.8831911264325,41.3042338061537,1,1237661055281856551-label=1.png
SpecBg,80,1237661059574269035,49.7701555813497,41.7192215795183,1,1237661059574269035-label=1.png
SpecBg,82,1237661055818663393,50.1775974531424,41.6947119969866,1,1237661055818663393-label=1.png
SpecBg,85,1237661055818662301,50.1366005911547,41.7320222485647,1,1237661055818662301-label=1.png
SpecBg,88,1237661055281856711,49.8805021876482,41.2520151603596,1,1237661055281856711-label=1.png
SpecBg,90,1237670960021505209,50.036430938291,41.7746219007254,1,1237670960021505209-label=1.png
SpecBg,91,1237661055281856842,50.0437796548105,41.2456151039519,1,1237661055281856842-label=1.png
SpecBg,94,1237661055281856999,49.9156143488672,41.2329477624084,1,1237661055281856999-label=1.png
SpecBg,99,1237661055818793141,50.3361938102496,41.4958685640523,1,1237661055818793141-label=1.png
SpecBg,102,1237661059574465263,50.2855776364297,41.3230425309137,1,1237661059574465263-label=1.png
SpecBg,106,1237661059574465270,50.2558086297081,41.285926984341,1,1237661059574465270-label=1.png
SpecBg,112,1237661059574203660,49.665099654597,41.7720034035862,1,1237661059574203660-label=1.png
SpecBg,118,1237661059574465887,50.2962540829001,41.298821003556,1,1237661059574465887-label=1.png
SpecBg,123,1237661055281922625,50.2217795302807,41.2257344379433,1,1237661055281922625-label=1.png
SpecBg,127,1237670458048512961,49.9427904069998,41.8795154436514,1,1237670458048512961-label=1.png
SpecBg,130,1237661083199275874,49.8536925506709,41.1475469331591,1,1237661083199275874-label=1.png
SpecBg,131,1237661083199144664,49.5154139273366,41.3230599188577,1,1237661083199144664-label=1.png
SpecBg,132,1237661055281661187,49.4421739623854,41.5116662675731,1,1237661055281661187-label=1.png
SpecBg,134,1237661055281661097,49.4317076157181,41.5455785249482,1,1237661055281661097-label=1.png
SpecBg,140,1237661083199275743,49.7993394162836,41.1325137671338,1,1237661083199275743-label=1.png
SpecBg,141,1237661083199341789,49.9596364870387,41.1071148167986,1,1237661083199341789-label=1.png
SpecBg,142,1237661060111204991,50.2554087638575,41.8491100481994,1,1237661060111204991-label=1.png
SpecBg,143,1237661122388164637,50.0402382592295,41.1110424504092,1,1237661122388164637-label=1.png
SpecBg,146,1237661060111270244,50.3783516844226,41.7692572319905,1,1237661060111270244-label=1.png
SpecBg,147,1237661083199210655,49.6089271981223,41.1874693492049,1,1237661083199210655-label=1.png
SpecBg,148,1237661059574530886,50.4668689770366,41.3705401026461,1,1237661059574530886-label=1.png
SpecBg,156,1237661083199275188,49.6507692111618,41.1286046001567,1,1237661083199275188-label=1.png
SpecBg,160,1237661060111139413,50.1299826378577,41.9502979314223,1,1237661060111139413-label=1.png
SpecBg,162,1237661055281988048,50.2822057978094,41.1160492772003,1,1237661055281988048-label=1.png
SpecBg,164,1237661083199144825,49.359348013872,41.3355162432555,1,1237661083199144825-label=1.png
SpecBg,172,1237661055281595362,49.3356924370468,41.6862404604867,1,1237661055281595362-label=1.png
SpecBg,173,1237661059574531166,50.4370749095024,41.1881314967587,1,1237661059574531166-label=1.png
SpecBg,175,1237661083199144802,49.3341940619202,41.330028965925,1,1237661083199144802-label=1.png
SpecBg,176,1237661059574137153,49.5106706715106,41.8881510691392,1,1237661059574137153-label=1.png
SpecBg,178,1237661055281594891,49.2837319861403,41.569055834369,1,1237661055281594891-label=1.png
SpecBg,179,1237661055281988858,50.4211048882726,41.1599528742314,1,1237661055281988858-label=1.png
SpecBg,181,1237661083199079044,49.3008178765353,41.3811309686393,1,1237661083199079044-label=1.png
SpecBg,183,1237661055818465980,49.7233351705975,41.9871720395959,1,1237661055818465980-label=1.png
SpecBg,185,1237661060111204890,50.3331335352798,41.9289843514299,1,1237661060111204890-label=1.png
SpecBg,186,1237661060111204887,50.332964562893,41.9318584299157,1,1237661060111204887-label=1.png
SpecBg,187,1237661060111270783,50.4167280395728,41.8854259834874,1,1237661060111270783-label=1.png
SpecBg,188,1237661083199406143,49.9799372067838,41.0019206515408,1,1237661083199406143-label=1.png
SpecBg,190,1237661060111335970,50.5975011502279,41.6876454625289,1,1237661060111335970-label=1.png
SpecBg,191,1237661083199079585,49.2728503868999,41.3816916162151,1,1237661083199079585-label=1.png
SpecBg,192,1237661060111074617,49.9052836421163,42.0396064642869,1,1237661060111074617-label=1.png
SpecBg,196,1237661055281594421,49.2842438443606,41.7045780881608,1,1237661055281594421-label=1.png
SpecBg,199,1237661059574595780,50.5828459137216,41.2553051931563,1,1237661059574595780-label=1.png
SpecBg,200,1237661083199079670,49.2708622239415,41.3122739854936,1,1237661083199079670-label=1.png
SpecBg,202,1237670458048120047,49.382806412098,41.1655612135106,1,1237670458048120047-label=1.png
SpecBg,203,1237661060111074442,49.8575014176214,42.0590221014334,1,1237661060111074442-label=1.png
SpecBg,205,1237661083199079629,49.2475173645298,41.325886015873,1,1237661083199079629-label=1.png
SpecBg,206,1237670960021176666,49.4250721764716,41.1156249507559,1,1237670960021176666-label=1.png
SpecBg,207,1237661060111270035,50.4581020034618,41.9205467661767,1,1237661060111270035-label=1.png
SpecBg,208,1237670457511248499,49.8005517874171,40.9643133905101,1,1237670457511248499-label=1.png
SpecBg,209,1237661060111401250,50.6822289533775,41.6290010185159,1,1237661060111401250-label=1.png
SpecBg,210,1237661083199143948,49.2612760202228,41.2756095639857,1,1237661083199143948-label=1.png
SpecBg,215,1237661059574071869,49.2760306599565,41.8273941676392,1,1237661059574071869-label=1.png
SpecBg,217,1237661060111074655,49.9794732374551,42.1043019829603,1,1237661060111074655-label=1.png
SpecBg,220,1237661055282054268,50.5297471843039,41.112334284405,1,1237661055282054268-label=1.png
SpecBg,222,1237670458048119916,49.3052263592404,41.1654926559812,1,1237670458048119916-label=1.png
SpecBg,223,1237670457511248224,49.6135537271712,40.9712756655696,1,1237670457511248224-label=1.png
SpecBg,224,1237661055281530187,49.1530003249114,41.5955682098865,1,1237661055281530187-label=1.png
SpecBg,227,1237661055818400418,49.5094031203789,42.0184649487747,1,1237661055818400418-label=1.png
SpecBg,228,1237661059574596781,50.620634164573,41.1817977098067,1,1237661059574596781-label=1.png
SpecBg,233,1237661083199079436,49.1598467942621,41.3603819153231,1,1237661083199079436-label=1.png
SpecBg,235,1237661060111402196,50.7499979455199,41.6323363181993,1,1237661060111402196-label=1.png
SpecBg,236,1237661055818924980,50.7686625117234,41.4678934573744,1,1237661055818924980-label=1.png
SpecBg,237,1237661059574596258,50.6673686320564,41.2126523085706,1,1237661059574596258-label=1.png
SpecBg,239,1237670458048119931,49.2224407532527,41.2107571670515,1,1237670458048119931-label=1.png
SpecBg,240,1237661055818401198,49.5908758649711,42.0769970782354,1,1237661055818401198-label=1.png
SpecBg,242,1237661059574072371,49.2704224083103,41.8801243695276,1,1237661059574072371-label=1.png
SpecBg,244,1237670458048119435,49.1911195737604,41.2502476248583,1,1237670458048119435-label=1.png
SpecBg,245,1237670458048119710,49.3251842130382,41.0951629449596,1,1237670458048119710-label=1.png
SpecBg,246,1237661056355533145,50.3919240202929,42.0448601777284,1,1237661056355533145-label=1.png
SpecBg,247,1237670960021111366,49.5125281499978,40.97490581775,1,1237670960021111366-label=1.png
SpecBg,250,1237661121850966603,49.1608997235118,41.266242194897,1,1237661121850966603-label=1.png
SpecBg,251,1237661122387771659,49.0938795937997,41.5585466232934,1,1237661122387771659-label=1.png
SpecBg,254,1237661056355664104,50.6836449324582,41.8512047165771,1,1237661056355664104-label=1.png
SpecBg,259,1237661056355599756,50.6136396777001,41.9375401903305,1,1237661056355599756-label=1.png
SpecBg,260,1237661060111401930,50.7700694512557,41.7542798736106,1,1237661060111401930-label=1.png
SpecBg,262,1237661083199079335,49.0848060252556,41.3322875112143,1,1237661083199079335-label=1.png
SpecBg,263,1237661059574071453,49.185064227473,41.8784282831725,1,1237661059574071453-label=1.png
SpecBg,265,1237661055818399778,49.3097652974681,42.0039586126424,1,1237661055818399778-label=1.png
SpecBg,268,1237661056355468698,50.3457694433509,42.1354449249521,1,1237661056355468698-label=1.png
SpecBg,269,1237661060111008081,49.7719870060151,42.1977103391592,1,1237661060111008081-label=1.png
SpecBg,270,1237661060111467492,50.8756484938343,41.565798154594,1,1237661060111467492-label=1.png
SpecBg,275,1237661121850967050,49.0570287880535,41.2620576087679,1,1237661121850967050-label=1.png
SpecBg,276,1237661055281529789,49.0197507763859,41.6848470319683,1,1237661055281529789-label=1.png
SpecBg,277,1237661083199537291,50.3661499660058,40.8722375533118,1,1237661083199537291-label=1.png
SpecBg,278,1237661056355599831,50.6769649197897,41.975853538663,1,1237661056355599831-label=1.png
SpecBg,279,1237661056355401949,49.9894351197685,42.2278508405121,1,1237661056355401949-label=1.png
SpecBg,280,1237661083199013391,49.0021741137901,41.4080470071518,1,1237661083199013391-label=1.png
SpecBg,281,1237670959484240407,49.85597818686,40.7991907590042,1,1237670959484240407-label=1.png
SpecBg,283,1237661059574006613,49.1251846652232,41.8848529640606,1,1237661059574006613-label=1.png
SpecBg,285,1237661059574007211,49.2359089369141,41.9963304584024,1,1237661059574007211-label=1.png
SpecBg,286,1237661055818335697,49.3339087242848,42.067375286885,1,1237661055818335697-label=1.png
SpecBg,287,1237661083199473010,50.2187891416578,40.8218377553388,1,1237661083199473010-label=1.png
SpecBg,288,1237661056355730682,50.8726973633063,41.7251217520325,1,1237661056355730682-label=1.png
SpecBg,289,1237661083199538263,50.4410055155298,40.8919141993069,1,1237661083199538263-label=1.png
SpecBg,290,1237661060111467767,50.9235265983509,41.5222155244742,1,1237661060111467767-label=1.png
SpecBg,291,1237661055818990429,50.9058912284345,41.3664650588926,1,1237661055818990429-label=1.png
SpecBg,292,1237661083199472188,50.1844055986588,40.8007587515615,1,1237661083199472188-label=1.png
SpecBg,293,1237661121850901163,48.9999795273873,41.2875102706543,1,1237661121850901163-label=1.png
SpecBg,294,1237661059574006457,49.1675257811761,41.9823818208255,1,1237661059574006457-label=1.png
SpecBg,295,1237661055281463492,49.0304654578195,41.8135750584925,1,1237661055281463492-label=1.png
SpecMems,0,1237661059574334072,49.9325721909726,41.4569819791321,0,1237661059574334072-label=0.png
SpecMems,5,1237661059574333649,49.9286896562222,41.6007242294404,0,1237661059574333649-label=0.png
SpecMems,7,1237661059574334013,49.9705060262728,41.6087855128691,0,1237661059574334013-label=0.png
SpecMems,11,1237661122388033567,49.8433339393247,41.4293429843872,0,1237661122388033567-label=0.png
SpecMems,16,1237661059574333464,49.9061197597231,41.6328754033241,0,1237661059574333464-label=0.png
SpecMems,18,1237661059574333719,50.025488379003,41.6300421407339,0,1237661059574333719-label=0.png
SpecMems,19,1237661059574399621,50.1192252388923,41.4888413843425,0,1237661059574399621-label=0.png
SpecMems,20,1237661059574399450,50.1222973668195,41.5145661636805,0,1237661059574399450-label=0.png
SpecMems,22,1237661122388034402,49.9066992302963,41.3800473541336,0,1237661122388034402-label=0.png
SpecMems,23,1237661059574268779,49.8640621036807,41.6352685675764,0,1237661059574268779-label=0.png
SpecMems,28,1237661059574268612,49.760046123573,41.5502349902431,0,1237661059574268612-label=0.png
SpecMems,30,1237661059574399672,50.0646761465794,41.398649050392,0,1237661059574399672-label=0.png
SpecMems,32,1237661059574399387,50.1374704982234,41.5741245778116,0,1237661059574399387-label=0.png
SpecMems,33,1237661055281725847,49.7421128001445,41.4701208499646,0,1237661055281725847-label=0.png
SpecMems,35,1237661059574268534,49.8239777063448,41.6443501818367,0,1237661059574268534-label=0.png
SpecMems,37,1237661055818662378,50.0919190508431,41.6409169263223,0,1237661055818662378-label=0.png
SpecMems,38,1237661059574399831,50.0873396454365,41.3737384235078,0,1237661059574399831-label=0.png
SpecMems,40,1237661059574269233,49.7588315429406,41.6199281627887,0,1237661059574269233-label=0.png
SpecMems,44,1237661055281856613,49.9174877741773,41.3291991253375,0,1237661055281856613-label=0.png
SpecMems,46,1237661055281856927,50.072450372141,41.34893080365,0,1237661055281856927-label=0.png
SpecMems,49,1237661055281726031,49.6867314009884,41.5114441292928,0,1237661055281726031-label=0.png
SpecMems,51,1237661055281725866,49.6881724299768,41.4887639647977,0,1237661055281725866-label=0.png
SpecMems,53,1237661122388033579,49.7970434369399,41.3531956433367,0,1237661122388033579-label=0.png
SpecMems,55,1237661059574268293,49.7414833647509,41.6350645496723,0,1237661059574268293-label=0.png
SpecMems,58,1237661055281725850,49.6862761715124,41.4674857522114,0,1237661055281725850-label=0.png
SpecMems,59,1237661059574464562,50.1757659807148,41.4039750851123,0,1237661059574464562-label=0.png
SpecMems,61,1237661055281726251,49.6974774994161,41.428373591989,0,1237661055281726251-label=0.png
SpecMems,64,1237661055281726775,49.7128793782692,41.3923537508308,0,1237661055281726775-label=0.png
SpecMems,66,1237661055818727654,50.2112693947652,41.6004244597273,0,1237661055818727654-label=0.png
SpecMems,67,1237661059574399996,50.2408881196432,41.506345029876,0,1237661059574399996-label=0.png
SpecMems,68,1237661059574464709,50.235725066588,41.4388504401502,0,1237661059574464709-label=0.png
SpecMems,69,1237661055818727967,50.2517165750559,41.562463684849,0,1237661055818727967-label=0.png
SpecMems,70,1237661055281856814,49.9356066702234,41.2780792750039,0,1237661055281856814-label=0.png
SpecMems,71,1237661055281857617,50.0552790374181,41.2868743261062,0,1237661055281857617-label=0.png
SpecMems,73,1237661059574464751,50.2054820731759,41.3706843348946,0,1237661059574464751-label=0.png
SpecMems,75,1237661055281856829,49.9449358444632,41.270382598523,0,1237661055281856829-label=0.png
SpecMems,76,1237661059574268044,49.7427700516971,41.7023783448801,0,1237661059574268044-label=0.png
SpecMems,78,1237661059574465600,50.2558101939355,41.4344626658023,0,1237661059574465600-label=0.png
SpecMems,83,1237661059574464845,50.2592785121609,41.4094752214626,0,1237661059574464845-label=0.png
SpecMems,86,1237661059574203221,49.6621494298188,41.6689425891096,0,1237661059574203221-label=0.png
SpecMems,89,1237661055281856813,50.006822919519,41.2511539904146,0,1237661055281856813-label=0.png
SpecMems,92,1237661055281725581,49.5788652894655,41.4693671588608,0,1237661055281725581-label=0.png
SpecMems,95,1237661055818663051,50.1336678595388,41.7584707117627,0,1237661055818663051-label=0.png
SpecMems,96,1237661055281725940,49.5937534686477,41.4097756365822,0,1237661055281725940-label=0.png
SpecMems,98,1237661055818662522,50.1916426157601,41.7349372590753,0,1237661055818662522-label=0.png
SpecMems,100,1237661059574465017,50.336836986607,41.46005973571,0,1237661059574465017-label=0.png
SpecMems,101,1237661122387968730,49.6152258885157,41.3213174238366,0,1237661122387968730-label=0.png
SpecMems,103,1237661059574202928,49.5750012566803,41.6753256012749,0,1237661059574202928-label=0.png
SpecMems,105,1237661055281661215,49.5244020175459,41.5813582968019,0,1237661055281661215-label=0.png
SpecMems,108,1237670960021569639,50.0301282412048,41.8328072051585,0,1237670960021569639-label=0.png
SpecMems,109,1237661055281923151,50.1414808232528,41.2218467085331,0,1237661055281923151-label=0.png
SpecMems,110,1237661055818793134,50.3802762257035,41.5474536325146,0,1237661055818793134-label=0.png
SpecMems,111,1237661055818531427,49.7268858637923,41.8030385429612,0,1237661055818531427-label=0.png
SpecMems,113,1237661055818793331,50.3925238215328,41.5061613782787,0,1237661055818793331-label=0.png
SpecMems,114,1237661055281660332,49.498157446947,41.5203688611731,0,1237661055281660332-label=0.png
SpecMems,116,1237661083199210512,49.631956124873,41.2740581753394,0,1237661083199210512-label=0.png
SpecMems,117,1237661055281660253,49.5073308611243,41.5926931133879,0,1237661055281660253-label=0.png
SpecMems,119,1237661055281857673,49.979897820705,41.1726324612579,0,1237661055281857673-label=0.png
SpecMems,121,1237661055281660630,49.4898628885605,41.4973067696004,0,1237661055281660630-label=0.png
SpecMems,124,1237661083199340713,49.8996627467526,41.1511503541778,0,1237661083199340713-label=0.png
SpecMems,125,1237661059574530716,50.2869381053616,41.2530385705908,0,1237661059574530716-label=0.png
SpecMems,128,1237661055281660551,49.4628396701164,41.4508207228506,0,1237661055281660551-label=0.png
SpecMems,133,1237661059574530116,50.4075544221459,41.3578114673567,0,1237661059574530116-label=0.png
SpecMems,136,1237661059574202508,49.5350273421591,41.7543521559441,0,1237661059574202508-label=0.png
SpecMems,138,1237661083199275747,49.7798434161085,41.1426340291011,0,1237661083199275747-label=0.png
SpecMems,139,1237661083199144680,49.5028172944523,41.2990947963276,0,1237661083199144680-label=0.png
SpecMems,144,1237661055818794217,50.4895205180798,41.5521931418354,0,1237661055818794217-label=0.png
SpecMems,145,1237661059574137359,49.5545783717589,41.8025113837332,0,1237661059574137359-label=0.png
SpecMems,150,1237661059574138014,49.5269787314467,41.7991761650479,0,1237661059574138014-label=0.png
SpecMems,152,1237661055281659994,49.3661256874807,41.4880812795921,0,1237661055281659994-label=0.png
SpecMems,154,1237661059574137345,49.5813214431258,41.8559828364649,0,1237661059574137345-label=0.png
SpecMems,155,1237661060111204787,50.2412948084998,41.8938503657885,0,1237661060111204787-label=0.png
SpecMems,157,1237661055818858633,50.5378202439946,41.4507774213165,0,1237661055818858633-label=0.png
SpecMems,158,1237661059574531029,50.4849246036073,41.2983642796027,0,1237661059574531029-label=0.png
SpecMems,161,1237661060111074083,49.9410884084147,41.9764093259918,0,1237661060111074083-label=0.png
SpecMems,163,1237661083199144302,49.3869972146589,41.296989045752,0,1237661083199144302-label=0.png
SpecMems,165,1237661083199079603,49.3236841359998,41.4214466740835,0,1237661083199079603-label=0.png
SpecMems,166,1237661055818858862,50.5802270782083,41.4454066396289,0,1237661055818858862-label=0.png
SpecMems,167,1237661060111270442,50.4645521200175,41.7972508487597,0,1237661060111270442-label=0.png
SpecMems,168,1237661055818531808,49.7646076974504,41.9741404391237,0,1237661055818531808-label=0.png
SpecMems,169,1237661083199275476,49.6812283687428,41.0724997416086,0,1237661083199275476-label=0.png
SpecMems,170,1237661055281988793,50.3513890522591,41.1358669686683,0,1237661055281988793-label=0.png
SpecMems,171,1237661083199078963,49.3067191820093,41.4355052201931,0,1237661083199078963-label=0.png
SpecMems,174,1237661060111336458,50.5410991979522,41.7273450946203,0,1237661060111336458-label=0.png
SpecMems,177,1237661055281594509,49.3050585509131,41.650954259702,0,1237661055281594509-label=0.png
SpecMems,182,1237661060111074117,49.9764794969313,42.0146657676511,0,1237661060111074117-label=0.png
SpecMems,184,1237661055818465917,49.6969855145771,41.9806120446948,0,1237661055818465917-label=0.png
SpecMems,189,1237661059574137084,49.4917084104085,41.9004985957316,0,1237661059574137084-label=0.png
SpecMems,193,1237661055818465750,49.6637743795543,41.9971068206255,0,1237661055818465750-label=0.png
SpecMems,194,1237661055281594523,49.2583291006457,41.6329482608525,0,1237661055281594523-label=0.png
SpecMems,198,1237670457511249007,49.6536369464932,41.0192114952362,0,1237670457511249007-label=0.png
SpecMems,201,1237661083199078715,49.249038431142,41.356596999995,0,1237661083199078715-label=0.png
SpecMems,204,1237661059574595783,50.5904926775418,41.2415948867732,0,1237661059574595783-label=0.png
SpecMems,211,1237661060111138987,50.1068904570071,42.070353857748,0,1237661060111138987-label=0.png
SpecMems,212,1237661055281988410,50.3391547714695,41.0246258201789,0,1237661055281988410-label=0.png
SpecMems,214,1237661055818400274,49.4600235807703,41.967594658347,0,1237661055818400274-label=0.png
SpecMems,218,1237661059574072500,49.3634825275576,41.9166021599807,0,1237661059574072500-label=0.png
SpecMems,225,1237661059574596006,50.5828639706062,41.1480558524049,0,1237661059574596006-label=0.png
SpecMems,230,1237661083199078708,49.1790722767687,41.3248987108148,0,1237661083199078708-label=0.png
SpecMems,231,1237661083199079644,49.2134396725706,41.255767695952,0,1237661083199079644-label=0.png
SpecMems,232,1237661083199471975,50.2683354725156,40.9547157232033,0,1237661083199471975-label=0.png
SpecMems,234,1237661083199406555,50.0216265345616,40.9062377956518,0,1237661083199406555-label=0.png
SpecMems,241,1237661056355598369,50.5108666960756,41.9734820650858,0,1237661056355598369-label=0.png
SpecMems,248,1237661055281529331,49.1146581784357,41.6270222115943,0,1237661055281529331-label=0.png
SpecMems,252,1237661056355664912,50.6918648366703,41.833089380956,0,1237661056355664912-label=0.png
SpecMems,253,1237661056355533240,50.4285451333377,42.0475495498722,0,1237661056355533240-label=0.png
SpecMems,255,1237661059574596348,50.7209368086076,41.2300502890432,0,1237661059574596348-label=0.png
SpecMems,257,1237661055281529139,49.1546377561941,41.789265232571,0,1237661055281529139-label=0.png
SpecMems,261,1237661056355467624,50.2509863621935,42.1422681125483,0,1237661056355467624-label=0.png
SpecMems,264,1237661056355467464,50.2143340635918,42.1656500625065,0,1237661056355467464-label=0.png
SpecMems,266,1237661056355533977,50.4257847531576,42.0984227637665,0,1237661056355533977-label=0.png
SpecMems,267,1237661055282118662,50.622745654887,41.0504450153301,0,1237661055282118662-label=0.png
SpecMems,271,1237661056355598960,50.6945934204297,41.9412303787257,0,1237661056355598960-label=0.png
SpecMems,272,1237670457511182781,49.7058490785794,40.8275889370729,0,1237670457511182781-label=0.png
SpecMems,273,1237670458048118944,49.112658441068,41.1802159335769,0,1237670458048118944-label=0.png
SpecMems,274,1237670960021111003,49.4702754784142,40.8972443909435,0,1237670960021111003-label=0.png
